41 41
00000000000000000000000000000000000000000
01111111110101111111010101110101011111130
00000001000101000000010100010101010000010
01011111110101111111110101010111110111110
01010100000100000101010101010101010101000
01010111111101011101010111011101010101010
01010001010001010001000100000000010000010
01110111010101110101011101011101110111110
01000101000100010101010001010000010001010
01110101010101010101110101110101011101010
00010001010101000101010100010101010101000
01110111010111111111010111011111010101010
00010101010000010001010101010000000101010
01010101111101111101011101011101110101010
01000100000001010100010100010000010101010
01010111010111010111010101010111111101110
01010101010101010101010001010000010001000
01110101011101010101011101110101011101010
01010100010000010100010101000101010001010
01010101011111010111010101110111111101110
01010101000000010000010001000100000101000
01010111111111010101111101110101110101010
01000100000000010100010001000001010101010
01011111010101111101011101110101010111010
01010001010101000001010101000101000101010
01011101110101110111110101010101111101110
01000101010101000001010101010101000000000
01111101011111010101010101010111011111110
00000000010100010100000001010001000100010
01111111010111110101110101111101111111010
00000101010100010100010101010001010001010
01011101010111011101110101010101011101010
01000101000000010001010101010101000000000
01010101010111110111011101011111011111110
01010101010100010100010100010001010001010
01010101011101111111010101110101111101010
01010100000000000100010101010101000100010
01111111010111111111010101011101110101110
01010100010000000101000101000000010100000
02010111111111111101110111111111010111110
00000000000000000000000000000000000000000
